3682
3754
3771
3776
3814
3821
3827
3829
4083
4091
4117
4123
4139
4164
4167
4172
4231
4245
4256
4282
4299
4323
4338
4452
4454
4522
4686
4927
4943
4981
4983
5038
5046
5097
5102
5145
5335
5360
5461
8322
8324
9236
9246
9260
9442
9444
9454
9545
9681
9791
9801
10271
10283
10284
10285
10321
10335
10342
10344
10707
10724
10735
10744
10757
10781
10796
11613
11630
11636
11656
11672
11697
11704
11720
11730
11737
11742
11753
11779
11781
11799
11811
11837
11856
11953
11965
12099
12130
12131
12209
12273
12295
12359
12397
12401
12402
12426
12439
12474
12493
12521
12523
12526
12540
